-1.7004034361889353e-05
-1.7062959599911665e-05
-1.633507149279012e-05
-1.7124994130313098e-05
-1.6952829682281845e-05
-1.6775060533547048e-05
-1.663669613227725e-05
-1.4934506663788483e-05
-1.6687200258047596e-05
-1.6324567665648715e-05
-1.6474880526473612e-05
-1.4803546335429019e-05
-1.691719568697181e-05
-1.534067150998908e-05
-1.7008492260828234e-05
-1.7120969316497536e-05
-1.510976401419839e-05
-1.7156139733742748e-05
-1.476640083097891e-05
-1.516613881591411e-05
-1.628658275265593e-05
-1.6607270747037717e-05
-1.6922104673966487e-05
-1.6747552443518998e-05
-1.5819722904097944e-05
