1.4243294172527123e-21
6.415183493117793e-22
1.0416703267937239e-22
1.3144927073383779e-21
1.7804101574547892e-21
2.6779402418843294e-22
8.22443207454094e-21
7.140887145229718e-21
3.929509439827639e-21
5.367040749458158e-22
1.674043233414039e-20
2.6788036007057018e-21
8.165021047705497e-21
5.3542385989704145e-22
2.7275713973373168e-21
1.4069742741396068e-20
1.821720390330135e-21
5.472739266788861e-21
2.880956641098733e-20
5.960305272147493e-22
4.313650132255389e-21
9.827885247747477e-22
3.801427589519168e-21
9.388619623428069e-21
6.971488191400218e-21
