-1.2105054948797335e+51
-3.6077159527006142e+50
-1.2664416218274916e+51
-7.550622992648466e+50
-1.1632963058930364e+48
-6.547815485704595e+50
-1.0179588027820685e+51
-1.2527772524666867e+51
-1.241240196759821e+51
-8.747634706535045e+50
-1.0425750776742437e+51
-5.679359577487672e+50
-1.2267535500902437e+51
-5.528809086328483e+50
-8.681285742908238e+50
-1.0179538670529878e+51
-6.457541726802774e+50
-4.076302060690085e+50
-8.940944770091205e+50
-8.713950520155923e+50
-6.1104651615320276e+50
-1.1138862924207166e+51
-8.251888000957767e+50
-8.626739462416925e+50
-4.275557753729479e+50
