1.6804294533556617e-21
2.222779269350627e-20
2.2931654536562616e-21
2.0430958929697035e-21
6.035557083190951e-22
2.728627654775099e-22
2.8757482442815234e-22
4.1344017914371736e-22
5.666755973945368e-22
5.327397122506889e-22
2.739455004276041e-22
6.529413812038227e-22
5.894918661857302e-22
1.1400727516782242e-22
4.950630195803852e-22
3.061926701232227e-21
5.417386932577157e-21
2.6981654131295716e-22
9.06935382705375e-21
2.0211693556676498e-22
6.684003217169139e-21
2.8402939588168155e-22
2.8951976499097865e-21
2.9477312347166018e-21
2.276629797597446e-21
