6.571147074552922e-10
1.0234709122329193e-13
5.362771396575946e-12
1.2806950899149126e-12
3.0540204278129527e-12
6.121563108379318e-11
7.575424359041333e-11
1.0980906703963827e-10
2.2615870493196394e-11
1.34447681508164e-12
6.967551534178194e-14
1.3412147281256954e-12
2.574095201264109e-12
1.0043219819423875e-13
5.541649932760061e-13
6.80045518182293e-10
1.625030694599583e-12
2.0522979366903947e-14
2.2172937202528704e-13
2.1253092089908773e-15
4.0306983193631267e-10
2.2505547815955176e-12
2.538167662464852e-13
3.2374780883284516e-14
7.607754269888865e-10
