5.611998988251713e-23
7.60379742769732e-21
4.471390683095758e-22
7.249666135749798e-22
3.917273553912224e-24
1.3605402502257057e-19
8.013964355139324e-23
4.787847712508299e-23
8.72405361383406e-23
1.8077339685837304e-21
3.934588738479188e-21
1.4664060915940268e-22
2.8005419346118197e-22
4.35924311190232e-22
2.459252068056407e-19
2.943640265959859e-23
2.6563335131073354e-21
2.463591188692086e-22
4.809395378072592e-19
1.5909393696590376e-22
1.8920047424735482e-20
1.2765697512507778e-22
2.2322590355264557e-23
2.663531691040973e-23
5.362187976566604e-22
