-4.565112778287528e-05
-4.635564655686153e-05
-4.4955395833490286e-05
-4.684688805944859e-05
-4.798129624283831e-05
-4.72929839299141e-05
-4.553936994966534e-05
-4.7849377944331195e-05
-3.511197215555484e-05
-4.667002727964942e-05
-4.691708163528929e-05
-4.820464999610863e-05
-4.789263389826104e-05
-4.626171101618226e-05
-4.785543793328628e-05
-4.493789448112295e-05
-4.423493589489347e-05
-4.7602817873526604e-05
-4.747392577364451e-05
-4.618680911505635e-05
-4.687214579010557e-05
-4.4253666545923664e-05
-4.793147608871812e-05
-4.559355355837624e-05
-4.8227275089907096e-05
