-1.2161133604138286e-05
-1.699255069809169e-05
-1.674887841573991e-05
-1.2887046182186168e-05
-1.625298179974699e-05
-1.6854391521547996e-05
-1.6014782351803092e-05
-1.536191248163732e-05
-1.6848088726817423e-05
-1.695874394336272e-05
-1.717363814179862e-05
-1.7067243039292634e-05
-1.555339689041091e-05
-1.6897378209534963e-05
-1.7078824377847468e-05
-1.70270445494225e-05
-1.715057301154843e-05
-1.505987539474063e-05
-1.641430744658834e-05
-1.6214877792464222e-05
-1.4741011511887336e-05
-1.6953561077670543e-05
-1.604796144727416e-05
-1.696318117083706e-05
-1.6916978538006333e-05
