2.8032658446934923e-22
8.103687111498725e-21
4.0613579060359406e-21
1.3119421120560163e-21
3.863884126809586e-21
5.0225109077860475e-20
1.508353110556548e-21
1.669044930140115e-22
2.1907934024392222e-21
2.815380053904895e-21
1.1911072098837541e-20
3.043778587401426e-22
2.7538231701618897e-21
6.408148525735303e-23
2.588323508576037e-20
2.4868695626242935e-22
6.36719763265944e-21
1.2208996196779143e-21
1.2691373456381893e-20
2.7051336880171153e-21
1.0834572888244783e-20
2.6113995373465897e-21
2.823396998263455e-22
5.845791715492379e-21
5.635273998801495e-22
