-1.2004773796484767e+51
-1.0564368991784008e+51
-2.9325808632438657e+50
-6.774838602552684e+50
-1.0383773681850816e+51
-1.051234090277741e+51
-4.252486181451479e+50
-8.759028830771835e+50
-1.1510138564839837e+51
-1.2274205238774574e+51
-3.7185632396004825e+50
-4.741426185867363e+50
-1.2024457521607363e+51
-6.179125554055056e+50
-1.0396789642448793e+51
-4.876655005632408e+50
-4.610419111634845e+50
-1.1065090837010287e+51
-2.7210592137477945e+50
-1.1619918138674779e+51
-1.091653078923789e+50
-1.5511136052431972e+50
-9.388481096838359e+50
-1.091091231262511e+51
-8.193183581016368e+50
