4.752120267931421e-22
1.9596829392669342e-22
7.006288239510524e-23
4.097814383357889e-21
6.7176370581836294e-21
4.554310027018149e-22
1.454360421859795e-22
2.91370545567895e-20
4.8948010842915725e-22
6.7054680703723605e-22
1.8845450839883572e-22
1.912207425542636e-21
1.383982082370339e-21
8.974730614945142e-21
1.0098463014171341e-20
3.338443253695513e-22
1.3626211288536524e-22
3.9788876688976054e-22
5.107338965723761e-22
2.1798934202960652e-21
2.6871620261991637e-21
4.4977077928440935e-21
6.699561596987737e-23
4.989794892480572e-22
2.2617757067097067e-20
