1.551106543757559e-09
1.0398822341027372e-08
3.1033956177937687e-12
2.6464760047226322e-11
4.0207629942814205e-10
1.1160873650113336e-09
5.410116979548411e-12
9.302646902013206e-10
6.347032939044085e-14
4.3358754411544715e-10
1.9031087769519298e-11
7.648443215121258e-10
4.390008284645007e-10
1.7290402038752309e-09
9.229461645730597e-12
1.293057304158721e-10
1.9388909581971844e-12
6.162191558465324e-14
5.505726397730379e-14
2.3664275362285384e-12
5.155217052416023e-12
5.413558527447647e-12
8.660468317650295e-12
4.2253005257718504e-11
8.502040544565323e-14
