7.146262147097365e-22
1.8377686305964886e-22
3.986623854300951
4.651999534020476e-23
1.724173401554512e-20
3.9866238543011008
1.9958481818384054e-21
2.4676711114733073e-24
9.076503000763065e-21
1.1033227959497982e-22
4.3542229585038956e-23
6.080566472870944e-23
3.3870593305950973e-22
2.4956929690142217e-22
2.0937653960965643e-19
2.0541156610158907e-22
2.0640944932172954e-20
2.860525713352831e-23
3.1203446884144145e-23
4.0166384762011985e-20
3.9866238543009427
4.4958433826118304e-24
8.259702150716761e-23
4.495176552740563e-19
4.294408513440052e-22
