-2.6961105582756772e-05
-4.6678308129877166e-05
-4.505571700674782e-05
-4.8054859760782165e-05
-4.239425332830393e-05
-4.816787374473108e-05
-4.743143039354081e-05
-4.599549538930603e-05
-4.787137047390644e-05
-4.8093657207815e-05
-4.823321207547693e-05
-4.634282578908078e-05
-4.802644409840351e-05
-4.676161996197692e-05
-4.676735050956893e-05
-4.7055192411438185e-05
-4.744059407379986e-05
-4.697853218926795e-05
-4.6934143524524075e-05
-4.6597308269724635e-05
-4.5192514963598995e-05
-4.655207738224476e-05
-4.292611186773598e-05
-4.6189247131067646e-05
-4.665171575179983e-05
