-1.7173495979960762e-05
-1.3369545283525852e-05
-1.705081910863271e-05
-1.5867734219021656e-05
-1.694717776601351e-05
-1.670391727159881e-05
-1.491696160815792e-05
-1.5510165995991088e-05
-1.641838474242263e-05
-1.709062057031474e-05
-1.697840152559138e-05
-1.6474171317781838e-05
-1.6866612909893774e-05
-1.5901171607879405e-05
-1.696374087511998e-05
-1.6210752551870655e-05
-1.6725738488432285e-05
-1.643672440643229e-05
-1.6963341860076753e-05
-1.4985691601410167e-05
-1.7165159466259183e-05
-1.6990454369647523e-05
-1.4496849424006086e-05
-1.623635439074178e-05
-1.6597699406872835e-05
