3.954145635317451e-21
1.62071113084151e-20
2.4055419147148943e-21
3.0048044781142495e-21
1.426671540041784e-21
2.1899945131397436e-21
7.62050574619213e-21
1.0059599494246761e-20
9.731255549856594e-21
3.070826390262149e-21
5.161505226240569e-22
1.798519441320838e-21
2.067389981203248e-21
7.446674115389978e-21
1.359217102441151e-20
1.1128194987708142e-21
9.335188781312797e-22
1.630553231385819e-20
4.045557050540334e-21
9.385550500159856e-23
3.975554938735316e-21
3.0480452456753237e-21
2.6056134621443183e-21
2.80796374163286e-22
6.610300301590466e-22
