-1.21779299560945e+51
-1.1003536401625189e+51
-8.987936292799314e+50
-1.120554190027917e+51
-2.205814851920262e+50
-1.0741181811189127e+51
-7.504689629205707e+50
-1.2233263118178364e+51
-5.283144787595341e+49
-1.0350331369357615e+51
-1.0254004029055576e+51
-4.3725145913280164e+50
-5.970996333409875e+50
-1.0989283152188931e+51
-8.334996219887598e+50
-5.670501564320547e+50
-8.693314476165696e+50
-6.829725945557682e+50
-8.969951489551688e+50
-7.143550225963433e+50
-5.619795702981793e+50
-9.830159852496552e+50
-9.860921921670671e+50
-1.0137132313757018e+51
-9.518764605292353e+50
