2.84356057722137e-22
2.0831974181407346e-22
1.1234290721871433e-21
4.5678501677246335e-20
1.2231838648147277e-21
8.179686055700723e-21
4.571937153404337e-22
8.425863741763283e-23
8.85356612474041e-21
2.0120881274088123e-21
1.1763684793375975e-21
5.794438953956468e-22
7.875376876879644e-23
1.1718951261488983e-20
6.239470251464378e-22
1.5296883365334503e-22
1.2547382611330909e-20
9.118750154528056e-22
6.959059710271693e-23
1.0750610643458375e-21
6.947172296758627e-22
1.9243369776425852e-21
3.46956079666591e-21
2.5599349417611585e-22
1.668576750696175e-21
