2617.9001477606757
1.568352646703062e-12
3.938398953614953e-12
8.220975602248651e-11
2.090624961655152e-12
3.4705382870741265e-12
4.081308030298708e-12
5.45482672805663e-13
5.322061280923125e-15
1.2801562710799904e-12
2.2158955352118073e-13
4.3525466064679575e-13
4.0626985321824014e-13
4.190262320148293e-15
3.0290629167768027e-13
7.517709895267824e-11
4.394835303786095e-14
8.490732837042571e-11
6.66347182665055e-19
1.0859070713048332e-11
1.8923972929211397e-12
2.4271945622617112e-17
2.5873303370247033e-17
2.798738437033237e-14
2.2646174792859426e-19
