1.0605843582047863e-18
1.2474088024750705e-23
1.1931800423576349e-23
9.705195611450418e-23
1.8378162623877244e-22
4.0591849715517625e-24
1.1654038381980181e-24
1.0069773105914817e-23
9.710630484680675e-25
1.0553254849042344e-24
3.622250952212933e-25
1.1759924531208394e-23
6.6517179238757765e-25
8.876249616938357e-23
2.1662722703366314e-24
5.038847183206466e-25
7.256947109652101e-24
3.837586991438453e-24
5.745038300529194e-25
4.842546024823235e-24
1.898932202960033e-24
4.947223257040148e-24
1.8134295785732457e-24
1.0149234202081115e-23
3.709543501993667e-24
