-4.683414001505071e-05
-4.141856327066762e-05
-4.7669169333630634e-05
-4.711690880476738e-05
-4.185478549967314e-05
-4.644901236439125e-05
-4.7899247957006175e-05
-4.543549614144382e-05
-4.7656664981521324e-05
-4.689962645443302e-05
-4.719442600498169e-05
-4.742531583001863e-05
-4.7630722023406236e-05
-4.6773128943300435e-05
-4.7080110272545994e-05
-4.2746976685492655e-05
-4.728019610045209e-05
-4.599818156147961e-05
-1.795059967490964e-05
-4.7803497606802026e-05
-4.5898261018528785e-05
-3.026498958114132e-05
-4.814502497074713e-05
-4.6565153133282244e-05
-4.68962038384646e-05
