-1.7128780825714784e-05
-1.7189076909396306e-05
-1.7176411247987744e-05
-1.7186544873482035e-05
-1.7173305455031596e-05
-1.7186660040025004e-05
-1.7178704510456555e-05
-1.7182953079952767e-05
-1.7185341686598576e-05
-1.7151179953600604e-05
-1.6564599135904245e-05
-1.7186671284807886e-05
-1.7168775852560714e-05
-1.718627143376672e-05
-1.709480721601153e-05
-1.7185582058321103e-05
-1.69179670912456e-05
-1.718381099635735e-05
-1.71805585367224e-05
-1.7154681351883028e-05
-1.71869568390548e-05
-1.7185274579389898e-05
-1.7150482735317496e-05
-1.7187277620678287e-05
-1.717010776758343e-05
