-0.0001028416967550072
-0.00010284169673902
-0.00010284169676921806
-0.00010284169676566535
-0.00010284169676921806
-0.00010284169676566535
-0.00010284169676566535
-0.00010284169676566535
-0.0001028416967550072
-0.00010284169676566535
-0.00010284169675145449
-0.00010284169676566535
-0.00010284169676566535
-0.00010284169673013821
-0.00010284169676566535
-0.00010284169676921806
-0.00010284169673369092
-0.00010284169676566535
-0.00010284169676921806
-0.00010284169676566535
-0.00010284169676921806
-0.0001028416967550072
-0.00010284169672303278
-0.00010284169676921806
-0.00010284169676211263
