-4.826639334964966e-05
-4.826639329280624e-05
-4.826639333899152e-05
-4.8266393161355836e-05
-4.826639334964966e-05
-4.826639333188609e-05
-4.826639331056981e-05
-4.826639310806513e-05
-4.8266393228857396e-05
-4.826639332833338e-05
-4.8266393218199255e-05
-4.826639324306825e-05
-4.8266393257279105e-05
-4.826639331767524e-05
-4.826639334964966e-05
-4.826639334964966e-05
-4.8266393335438806e-05
-4.826639331056981e-05
-4.826639329280624e-05
-4.826639329991167e-05
-4.826639333188609e-05
-4.826639308674885e-05
-4.826639333899152e-05
-4.826639323951554e-05
-4.826639326438453e-05
