-1.1832545878041145
-0.579160086254243
-0.9941528071358683
-0.08977423266365336
-0.6462429777142572
-0.9010922816965539
-0.12828058478065463
-0.02842901856572677
-0.020780595657472478
8.019082344675175
-0.09063274454657055
-0.8523377468003976
-0.9205862125010704
-0.014920275802751015
-1.0135813624539
-0.25489824157875396
-0.6207696216712206
0.014068365224468082
0.8801668260883477
-2.37227482046009
-0.752260630965695
-0.577909563301002
-0.5387980567772019
-0.6302042220179386
-0.43903745135690275
