1.539836469645945e-23
2.536122186919e-24
1.3801083836341562e-11
1.9483644089746228e-26
1.972960714739043e-16
1.862125888296829e-25
5.758693777142295e-21
1.368575333130163e-22
1.0352552760900553e-21
2.7848767253016833e-12
4.846110591431089e-26
1.8209980274409957e-21
3.798674927399408e-14
8.251642840792828e-26
7.308299464739757e-24
5.900367970995606e-25
4.6669208368101364e-26
2.8838585327390834e-25
3.2387315552572816e-25
1.0530701439021592e-26
4.720480655725189e-19
5.691575131685818e-13
2.3755814889925682e-20
7.063620782720313e-27
2.177517438167131e-23
