3.2787321411765174e-21
2.9432440621725854e-22
3.165362620102157e-21
4.464432205145752e-22
1.3913325166376835e-20
5.1758952603121345e-21
3.9163137083918724e-22
3.932664890844094e-22
1.4901033977643679e-21
3.3710876140150478e-21
2.5885183170271635e-22
1.2381032042405285e-22
9.11216177683471e-22
1.7244304545034407e-21
1.662335074030341e-22
4.857255760295015e-22
2.7032111071323973e-22
7.171887720533e-21
4.581590385210914e-21
4.0415833061813065e-21
2.494452870081624e-21
1.40438825957699e-20
3.726104083135837e-22
1.3363857570907137e-20
4.4982603994238355e-23
