1.374590127347613e-28
5.99534287967969e-29
5.048709793414476e-29
1.8617117363215879e-28
1.1596255306748874e-28
7.888609052210118e-29
1.4436154565544516e-28
1.9800408721047396e-28
2.3370004317172475e-28
1.5461673742331831e-28
1.262177448353619e-29
1.601387637598654e-28
5.048709793414476e-29
1.001853349630685e-28
1.0412963948917356e-28
1.3095091026668796e-28
1.8932661725304283e-29
1.8163522342713797e-28
2.524354896707238e-29
9.071900410041636e-29
6.310887241768095e-30
6.310887241768094e-29
1.0097419586828951e-28
1.072850831100576e-28
8.38164711797325e-29
