1.0748229833636286e-27
1.0527348780174403e-27
5.877013743896538e-28
9.0442902783589e-28
1.4956802762990384e-27
5.589079513490869e-28
8.231763545981258e-28
1.0054032237041795e-27
1.1481870475491827e-27
1.940597826843689e-27
1.1130827372668477e-27
4.863327480687538e-28
7.730836871165916e-28
4.973768007418479e-28
4.8436059580570125e-28
7.857054616001278e-28
3.861474131056853e-28
1.0622012088800924e-27
9.935703101258644e-28
8.882573792788593e-28
1.5280235734130999e-27
7.498122904125717e-28
1.4838473627207232e-27
5.9164567891575885e-28
1.1347764121604255e-27
