9.911195776555973e-44
1.334533148486029e-36
5.878207280967121e-36
2.2911844690784267e-41
1.937851818136755e-40
6.6735316550365355e-43
1.0143187723395198e-41
4.6080395275621805e-32
3.074681575843232e-45
8.909433007954959e-41
3.0172051442615074e-39
1.455101578802898e-31
7.788395808659061e-37
9.708249850053554e-42
1.1089903591712086e-36
5.43148640762946e-41
1.5437099899375865e-39
2.2823661813304104e-36
2.1988273301363466e-44
1.088929481483196e-41
9.80004476226407e-37
1.7976259563258653e-45
1.4025982818569707e-37
1.2153437697686014e-36
7.992230686910557e-38
