-1.3100126485618175e+51
-1.310293832092797e+51
-1.311403134659096e+51
-2.4389310902302842e+42
-3.477944093944208e+43
-1.3098684126790309e+51
-1.3107241335684041e+51
-1.3092309818935638e+51
-1.3116324015208573e+51
-1.3096888026816674e+51
-1.3113365656565382e+51
-1.3099853064471154e+51
-1.6057364769099107e+45
-1.310492612955055e+51
-1.3110448454726407e+51
-1.3089957194563864e+51
-6.694425283898414e+43
-1.4311282115107514e+42
-5.786597540557293e+42
-1.3017264492458787e+51
-1.3111144777175282e+51
-1.3095783013412675e+51
-6.61431008692814e+41
-1.3106293871475236e+51
-1.3106415723961576e+51
