-1.9236448096119577e+25
-1.9239547335535685e+25
-1.9238977321798072e+25
-1.9237116373076728e+25
-1.9237620467000137e+25
-1.9235217953121403e+25
-1.9239393794089272e+25
-1.9238142838504881e+25
-1.923661353675557e+25
-1.9238997089717656e+25
-1.9235004130694466e+25
-1.9237255052959954e+25
-1.9239659675958726e+25
-1.923820805712645e+25
-1.9215634771926273e+25
-1.9239626181056734e+25
-1.923824513527309e+25
-1.9215596398217483e+25
-2.5845469743123856e+24
-1.9238861315438739e+25
-4.375456074144538e+23
-1.9237663910689987e+25
-1.923517355591593e+25
-1.9222910700677907e+25
-4.7691789400401534e+24
