0.00010016438607046913
7.59515140044636e-07
1.7823547720435901e-06
2.5820145572548316
4.438236688316832
4.997471937415416
4.151185327496984
1.5722767982900072e-06
3.7181084714256816
4.767283930040918e-07
6.556507996590296e-07
1.2694972719036548e-06
2.233250398837998e-06
5.47517839491969
6.951835057571154e-07
7.916634638387499e-07
6.625310997201779
5.220038923694264
4.438904389670143e-06
7.907488669031154e-07
0.00011482044495485106
1.3688592913249565e-06
6.992001548538456e-07
1.3224042464982802e-06
14.372796923556981
