9.689983658518226
6.877396992797959e-22
1.5835549985979797e-25
2.2044553408608123e-26
2.756366037649683e-28
4.4010122880721035e-30
4.7599873205477725e-31
2.1031508483496044e-27
7.869675573167307e-32
1.5061255467995822e-23
2.1527782178294465e-23
1.3291509970029213e-31
3.2151462752532954e-18
1.3230286375784262e-28
5.8988398235893435e-28
4.492436321512679e-27
1.6541227222993256e-23
4.485540208817357e-25
3.8185173556944485e-29
1.9201100791886724e-32
1.0442027986814147e-24
4.913179200835175e-22
7.125894277248639
3.490537222668734e-31
2.523426693998535e-32
