1.449488638406501e-22
8.439204952449674e-21
9.67176319485146e-22
4.449482100181625e-22
9.705025684525198e-22
8.715844451153013e-22
4.0717122105714426e-21
4.255134896396218e-22
1.827047177142514e-21
7.831907491162956e-20
2.392903923962856e-21
1.005930787980767e-21
1.4080206746050712e-21
4.8819071483583925e-22
1.0207896711775514e-22
2.3255878513693817e-21
5.1426311648873715e-21
5.308147580779376e-22
1.130675519286976e-21
9.654017023931255e-22
3.1964915316276063e-20
1.3366828054724265e-21
3.548401844869675e-21
4.503837474199982e-22
1.504565096767685e-21
