9.964299309072905e-29
1.5777218104420236e-29
3.8321383661439464e-29
4.463227090320756e-29
7.124400050277263e-29
5.522026336547083e-29
4.630860032680221e-29
4.259848888193464e-29
4.463227090320756e-29
0.0
1.4412735257420767e-28
2.0756902568627873e-29
2.0756902568627873e-29
2.1459481812340337e-29
2.8398992587956425e-29
1.8932661725304283e-29
6.493311326100453e-29
3.653412067304811e-29
2.441771020691913e-29
1.103049412628568e-28
1.014302560791204e-28
3.703948469045532e-29
9.33074539456728e-30
9.137227953755251e-29
1.8932661725304283e-29
