4.68102665587162e-28
3.0303352116966524e-28
4.935804076354718e-28
7.927189280856083e-28
3.986829059277129e-28
7.61657529942531e-28
2.5874637691249187e-28
6.166427088499497e-28
7.338501830334903e-28
7.22313092294633e-28
6.8336308509934555e-28
4.230389863764117e-28
5.09813685950723e-28
6.926198747840484e-28
8.519697776386927e-28
1.8705001398438157e-27
1.2351589623497992e-27
5.329864750415902e-28
1.0620163196054312e-27
6.517470191322847e-28
3.7076462545387555e-28
9.826371910175669e-28
2.403190792045948e-28
3.464208709568209e-28
1.5851297073801147e-27
