5.22190768705032e-06
1.0107230028551947e-05
525.73616448979
369.3606261064988
1.3177631517863241e-06
408.74847964966153
0.00015272086824327452
1.4560336565859565e-05
8.316430057902664e-05
2.5297989978963184e-06
7.610786149081514e-06
9.807551340542222e-06
5.284822589506832e-06
3.351550044067743e-06
107.2242931857879
7.773027617909575e-05
4.8494295833241395e-05
1.1928216755861254e-05
4.9360480670583655e-06
2.085967383813306e-05
0.0001441720874584328
3.612929197754629e-05
1.9265415813683014e-06
1.510621050678565e-06
3.5778774108825233e-06
