2.151186710682767e-29
5.113344002348111e-29
3.1768900063727657e-27
5.707840057581563e-29
1.7442146022744114e-28
2.9776417684182176e-29
2.803306589852285e-29
5.184549484251996e-28
6.916494372036705e-27
2.6736750470229075e-22
2.1920235899631695e-26
5.985551451842425e-28
8.040071886756508e-28
1.6895798216120343e-29
3.224545987288661e-29
4.684554959529737e-29
1.357749179616309e-26
2.1391411744385914e-27
6.728512053884845e-27
3.5815825840989446e-28
1.3083997670189125e-28
2.5832556584187513e-25
2.9889258998144593e-25
1.440518561203877e-29
4.817058939703579e-29
