1.8660887776412443e-11
5.534596675874071e-11
1.445622345824111e-12
7.526380834413826e-13
5.2815375246127343e-14
5.843964106024807e-17
1.387971751812113e-15
1.0781938919411354e-17
1.6061139571247526e-13
2.811145185377355e-13
4.321228370849304e-17
2.1800341375227845e-16
7.072412296967944e-14
1.7584286295566459e-13
7.581262801393233e-16
2.561060534485154e-13
7.697789253971921e-13
4.214954532801503e-16
4.42986145742487e-16
2.3041474418459382e-11
2.7916925606848174e-15
8.758636185453247e-13
7.472061686206025e-13
2.9558716668292963e-14
1.870199322656734e-14
