3.986623854300941
1.0465652954853199e-24
4.273192347145761e-24
1.6001506790473641e-24
1.2268119511559458e-25
1.458861516122459e-23
5.301652742514386e-25
3.090866318403962e-23
7.747096600973395e-24
4.730887681743907e-24
2.0775821992281112e-23
1.1763417274496018e-24
5.783718233798008e-24
7.717535537385958e-23
1.863972932150694e-25
4.124471358912838e-25
9.787229334637846e-24
7.684686907069368e-23
5.848814431725216e-25
9.427026200850199e-24
3.866843808631079e-25
3.9788128975795207e-23
1.9879858723857214e-24
1.9354803875439072e-24
1.2918089128464667e-24
