0.0
4.712950870629782e-28
2.3643640443671013e-28
2.541241450459625e-28
6.932115204629641e-29
8.406299021261407e-29
2.9883037165903453e-28
1.3030996078119589e-28
8.923988990312696e-29
5.119584015367926e-28
1.6488425514283555e-28
1.6950648700936491e-28
0.0
3.728477112817248e-28
1.6270256170183368e-28
4.55049482796083e-28
3.9162013563565605e-28
3.534713152972337e-28
3.1667834963965993e-28
1.0398172806944462e-28
2.106505135972983e-29
8.426020543891932e-29
0.0
7.475689672133495e-29
4.466431837748216e-28
