0.022937731400514833
0.08198996290264579
0.02459901309503375
0.04953186754633973
0.04256832893592158
0.012768961621948523
0.024215922275956855
0.018888246219881288
0.03227933486390395
0.015713629678845747
0.018652579876892086
0.07285281849350538
0.045233544739672
0.036277437573752826
0.021217616275729174
0.06360899374096268
0.06100821888696487
0.051552435053149666
0.025487021470299537
0.06785737768656976
0.047925498277676525
0.039969712045889484
0.0200558571850967
0.01771160060018287
0.04068060064718657
