0.00385456561557083
0.005690346009601927
0.044807639383944005
0.030238514951456314
0.02980942965118974
0.02384137066726739
0.024197648541553592
0.007927482484863302
0.025989969162900667
0.016616912603642533
0.024429721545283792
0.03783259463063615
0.028446582711662085
0.010418366627818568
0.027765557354705428
0.004886514298109102
0.0171822373037866
0.009587363241024976
0.023019646155498397
0.02791747444516023
0.049295565202642
0.0028884084846421024
0.006308833652516062
0.007470309546193211
0.00579207228825563
