0.009967666375135787
0.005573814107950647
0.010856226367383693
0.008224502831968062
0.012186628263964872
0.009921351249505984
0.008345817014418822
0.0006663273506892665
0.0030554511061671066
0.017023078995538777
0.012381150425898591
0.01999125950581847
0.0032514734119819424
0.003949828188769311
0.03951873637815927
0.024706541016346274
0.0005047611530206609
0.01615845931658887
0.012644512931860186
0.0010061271207637446
0.003132323352392541
0.016282904652253672
0.00953060586694553
0.009492256955983203
0.0004196328623000568
