-4.8089188935396265e-05
-4.820613148792674e-05
-4.817941767876199e-05
-4.717671006737589e-05
-4.7981422286902387e-05
-4.7516413905657195e-05
-4.81193158607951e-05
-4.780952623928414e-05
-4.73168412602476e-05
-4.637586388635262e-05
-4.822063998832782e-05
-4.8061880118854816e-05
-4.658098387100296e-05
-4.796524853789563e-05
-4.746972528724136e-05
-4.7687078132518934e-05
-4.776753531565703e-05
-4.71338878896832e-05
-4.718105615552498e-05
-4.7617354305806714e-05
-4.807444689491902e-05
-4.8229070438665644e-05
-4.763364599735809e-05
-4.725802501504006e-05
-4.7945239220359426e-05
