-0.0002839809171222285
-0.00028398091712045215
-0.0002839809171213403
-0.00028398091711956397
-0.0002839809171213403
-0.0002839809171213403
-0.0002839809171213403
-0.0002839809171177876
-0.0002839809171213403
-0.0002839809171213403
-0.00028398091710357676
-0.00028398091711689943
-0.0002839809171213403
-0.00028398091712045215
-0.0002839809171231167
-0.00028398091712045215
-0.0002839809171213403
-0.00028398091711956397
-0.0002839809171213403
-0.0002839809171213403
-0.00028398091712045215
-0.00028398091710890583
-0.00028398091711956397
-0.00028398091711956397
-0.0002839809171213403
