-0.000134534558694277
-0.00013453455877865395
-0.00013453455879020026
-0.00013453455878398302
-0.00013453455876888398
-0.00013453455878753573
-0.00013453455878131848
-0.00013453455878220666
-0.00013453455876977216
-0.00013453455877865395
-0.00013453455877776577
-0.00013453455876710763
-0.0001345345587724367
-0.00013453455877154852
-0.00013453455878220666
-0.00013453455878753573
-0.00013453455878220666
-0.0001345345587804303
-0.00013453455877865395
-0.0001345345587306923
-0.00013453455872536324
-0.00013453455878575937
-0.00013453455877510123
-0.00013453455877021625
-0.00013453455878753573
