-0.002665507488949892
-0.002665507488949892
-0.002665507488949892
-0.002665507488949892
-0.002665507488949892
-0.002665507488949892
-0.002665507488949892
-0.002665507488949892
-0.002665507488949892
-0.002665507488949892
-0.002665507488949892
-0.002665507488949892
-0.002665507488949892
-0.002665507488949892
-0.002665507488949892
-0.002665507488949892
-0.002665507488949892
-0.002665507488949892
-0.002665507488949892
-0.002665507488949892
-0.002665507488949892
-0.002665507488949892
-0.002665507488949892
-0.002665507488949892
-0.002665507488949892
