-0.002037091709684802
-0.002037091709684802
-0.002037091709684802
-0.002037091709684802
-0.002037091709684802
-0.002037091709684802
-0.002037091709684802
-0.002037091709684802
-0.002037091709684802
-0.002037091709684802
-0.002037091709684802
-0.002037091709684802
-0.002037091709684802
-0.002037091709684802
-0.002037091709684802
-0.002037091709684802
-0.002037091709684802
-0.002037091709684802
-0.002037091709684802
-0.002037091709684802
-0.002037091709684802
-0.002037091709684802
-0.002037091709684802
-0.002037091709684802
-0.002037091709684802
