-1.639438131384452e-05
-1.6966040679022854e-05
-1.7095353386231693e-05
-1.7018230640930554e-05
-1.6750890804217988e-05
-1.714106275763072e-05
-1.6616402554348042e-05
-1.6774295614752077e-05
-1.2028961158705442e-05
-1.4555549448402871e-05
-1.5515920209985268e-05
-1.6884608425193903e-05
-1.6541199517661198e-05
-1.6806634057786596e-05
-1.6436532975561136e-05
-1.687287361740175e-05
-1.703690907461919e-05
-1.519506706415541e-05
-1.6924341370128104e-05
-1.5771129119102056e-05
-1.5510334314683405e-05
-1.7184593517072244e-05
-1.6579827818219428e-05
-1.702528170888229e-05
-1.7184049873719687e-05
