1.0350258376571503e-20
3.678185716112768e-22
1.7634876075478884e-21
2.625706342179964e-21
6.944914730971583e-21
8.959704644327965e-21
9.383226995412594e-23
1.746073357618905e-21
1.5029453494636426e-20
3.953741111611425e-22
1.6572348885606927e-21
2.8237865953036695e-21
6.985943852437515e-21
1.3412723408540234e-21
5.494203618683304e-22
3.9200492133925385e-22
8.780077593896341e-21
6.818049819268157e-22
2.3249496663853022e-20
1.1647242058087029e-20
3.35344823096139e-21
2.1063856311016505e-21
1.1526299962796814e-21
4.833789680608195e-22
1.8108116407375735e-22
