-8.008155289211262e+50
-1.064574954025552e+51
-9.353185340416663e+50
-9.028581949332154e+50
-1.2387352859350365e+51
-7.900605988700853e+50
-5.9945494276477535e+50
-1.137614411543199e+51
-1.174764903001873e+51
-1.1508481322129215e+51
-8.795204695380478e+50
-9.362500605108584e+50
-1.0729054148712477e+51
-5.775624097855972e+50
-9.229234586426108e+50
-8.413397326552256e+50
-9.21071877440825e+50
-1.1948811837521598e+51
-6.295666674073715e+50
-7.647934394635813e+50
-1.1263639928322212e+51
-7.817360539072836e+50
-3.923672790091328e+48
-3.807615852731112e+50
-7.199263503372577e+50
