3.32532868421398e-22
3.517692843859861e-21
1.1341224099235506e-21
7.791045413018859e-22
1.4520855685064886e-22
7.65096039881086e-22
1.746472219472999e-21
3.3156910011639933e-21
6.533131618821225e-22
1.8797835614726788e-22
7.284222498933284e-22
1.585836428291491e-21
4.833583574919488e-22
2.1945245274006457e-22
2.6942015681490657e-22
6.961636575078259e-22
1.7819284340600727e-21
2.900137346669582e-21
6.714146486962878e-22
1.6968024209154536e-20
1.5510173601038111e-22
3.2608970856989437e-22
5.421202305775521e-22
9.720785820302776e-21
3.5090895765504095e-22
