3.6718617054721875e-10
1.9917441506475077e-11
1.3942659960798568e-11
3.362789434395221e-12
1.4765894556032417e-13
3.4342549953042527e-12
3.3089493640138835e-12
2.5773253219954144e-10
2.337633884868408e-13
4.316616267023273e-12
2.5771434815558442e-12
5.1671606591111295e-14
6.68292006558921e-11
6.010417281374412e-10
1.6320307674951682e-07
1.1659969752863036e-10
2.6556603364225383e-09
7.410612582868603e-13
5.344540743478955e-10
3.3471933595374174e-12
3.173459318624485e-15
4.39695441753799e-12
2.732787598809666e-12
5.341147534980919e-14
4.2809758512618763e-19
