1.014767745410999e-21
1.5716834817920613e-22
6.14845629473669e-23
3.98662385430095
8.277129642538855e-22
1.881353666547584e-21
2.9647350288657894e-21
1.7601781024860286e-24
1.0130853617646863e-20
4.382934621288536e-22
9.132998601736615e-23
3.548603954435555e-23
1.3538689453868497e-24
2.204521433782198e-23
4.197507949532391e-21
9.229266543485433e-21
6.064319522575025e-18
1.9643056398894046e-23
7.201237463062744e-21
2.703545060820956e-20
1.0319796940340634e-20
1.9957682690503456e-20
3.303635773775923e-22
5.163728252541738e-24
4.847606539057279e-22
