-4.2127993031035316e-05
-4.630729751475826e-05
-4.734685064750055e-05
-4.79146731855451e-05
-4.656385608170499e-05
-4.748377509922186e-05
-4.742548976999217e-05
-4.788940056366098e-05
-4.6894559107002465e-05
-4.580644195950612e-05
-4.777585882143054e-05
-4.7589081931143085e-05
-4.820167707286771e-05
-4.693589691256994e-05
-4.8189936252995835e-05
-4.522357010622313e-05
-4.8135738671462036e-05
-4.7295929314683516e-05
-4.7681756966566624e-05
-4.550529179070395e-05
-4.5887522568399675e-05
-3.567160368546374e-05
-4.547704276069986e-05
-4.814532909058755e-05
-3.838486445673084e-05
